# Denzinger OCR audit — pages that need attention
# Source PDF page count: 2430
# Backup JSONL used:     568726d3-967e-457a-ab69-7452b21d606f.jsonl.presegment.bak

## missing (PDF has ≥80 chars Adobe text but OCR has none) — must re-OCR
1629 2348 2349 2350 2356 2357 2358 2359 2360 2366 2367 2368 2369 2370 2376 2377 2378 2379 2380 2385 2386 2387 2388 2389 2390 2395 2396 2397 2398 2399 2400

## column-merged (≥5 lines literally contain both Latin AND CJK) — column-aware re-OCR
6 8 9 12 13 14 15 22 23 25 26 28 29 30 31 32 33 34 36 37 38 39 40 41 42 43 44 46 47 48 49 50 51 52 53 54 55 56 57 58 59 60 61 62 63 64 65 66 67 68 69 70 71 72 73 76 77 79 80 81 82 83 84 85 86 87 88 90 91 92 93 94 99 101 102 103 104 106 108 109 111 117 118 119 120 121 124 125 126 127 128 129 132 133 138 143 144 145 146 147 150 151 152 154 155 157 158 161 165 169 170 171 172 175 177 178 180 181 182 183 184 186 187 188 189 190 195 196 197 201 205 206 207 208 210 212 218 219 221 228 232 235 240 241 243 245 248 254 256 262 263 264 266 271 274 276 278 279 280 282 289 293 295 296 297 298 299 300 305 308 309 310 311 312 313 317 319 320 325 326 327 330 331 332 333 348 351 352 353 356 357 358 359 360 361 363 365 367 371 373 376 377 378 382 384 388 389 395 396 397 401 402 403 404 405 407 408 409 414 417 418 421 422 423 426 427 428 429 430 431 432 433 434 435 437 439 440 441 442 443 446 447 450 462 469 471 475 476 479 482 483 486 487 489 493 497 498 499 501 502 503 507 508 509 511 512 513 514 516 519 520 522 523 524 526 527 528 529 530 534 537 539 545 555 557 558 560 563 565 566 567 568 569 570 571 572 573 576 577 580 581 583 585 588 589 590 591 592 593 594 595 598 599 604 608 610 615 617 618 620 621 622 623 629 631 633 635 636 639 643 645 646 650 659 667 679 684 685 697 711 717 719 734 738 745 748 750 753 756 760 761 762 763 775 780 781 782 783 784 786 787 788 789 790 791 792 794 795 796 797 798 799 800 801 802 803 804 805 807 808 809 810 811 812 813 814 815 816 817 818 819 821 823 827 828 838 840 845 846 847 848 849 850 851 853 857 858 874 876 877 881 883 886 887 895 897 898 900 901 902 903 910 911 912 915 917 919 930 936 937 941 945 951 952 953 954 957 959 960 961 962 964 965 967 969 971 972 973 974 976 977 978 979 981 982 985 987 988 989 990 991 992 993 994 996 1001 1002 1003 1004 1006 1007 1008 1010 1011 1012 1013 1014 1019 1020 1023 1024 1030 1035 1038 1039 1041 1046 1051 1054 1057 1062 1064 1067 1068 1069 1070 1071 1082 1083 1088 1098 1101 1102 1103 1112 1113 1125 1126 1131 1132 1133 1134 1136 1139 1146 1147 1148 1149 1151 1152 1154 1156 1158 1160 1162 1163 1166 1167 1171 1172 1173 1177 1178 1181 1183 1185 1187 1199 1201 1210 1212 1213 1217 1219 1221 1225 1229 1236 1248 1249 1256 1274 1275 1281 1286 1288 1289 1290 1299 1305 1313 1314 1318 1319 1321 1322 1323 1324 1351 1352 1353 1354 1356 1359 1361 1362 1363 1364 1366 1368 1371 1373 1375 1385 1390 1391 1392 1393 1394 1395 1396 1398 1401 1402 1403 1404 1405 1406 1407 1417 1418 1419 1438 1439 1440 1447 1448 1453 1456 1467 1469 1470 1478 1479 1481 1486 1497 1498 1502 1504 1505 1506 1510 1513 1518 1527 1529 1536 1538 1543 1545 1547 1548 1549 1557 1565 1569 1571 1581 1582 1583 1584 1592 1599 1603 1605 1616 1622 1627 1628 1639 1640 1648 1649 1650 1651 1652 1653 1654 1655 1657 1658 1668 1669 1670 1677 1679 1688 1691 1693 1696 1700 1707 1709 1717 1722 1729 1730 1734 1736 1741 1742 1743 1744 1745 1748 1749 1750 1753 1757 1760 1767 1770 1779 1788 1789 1791 1792 1793 1794 1795 1798 1799 1806 1808 1809 1811 1812 1813 1814 1825 1827 1829 1830 1831 1832 1833 1834 1838 1839 1840 1847 1850 1851 1858 1860 1862 1863 1866 1867 1870 1878 1880 1886 1896 1897 1906 1907 1908 1909 1911 1914 1915 1916 1917 1921 1923 1925 1929 1931 1932 1933 1934 1935 1941 1943 1946 1953 1955 1957 1958 1960 1965 1966 1967 1968 1969 1970 1972 1978 1987 1990 1991 1996 2001 2003 2009 2010 2013 2015 2017 2035 2040 2041 2042 2051 2059 2060 2089 2090 2107 2115 2117 2118 2127 2137 2155 2161 2166 2168 2176 2177 2182 2195 2198 2208 2214 2215 2217 2235 2241 2261 2262 2263 2264 2265 2266 2267 2268 2269 2270 2271 2272 2273 2274 2275 2276 2277 2278 2279 2280 2281 2282 2283 2284 2285 2286 2287 2288 2289 2290 2291 2292 2294 2295 2296 2297 2298 2299 2300 2302 2304 2305 2306 2307 2308 2309 2311 2312 2314 2315 2316 2317 2318 2319 2320 2321 2322 2324 2325 2326 2327 2328 2329 2330 2331 2332 2333 2334 2335 2336 2339 2374

## lat-heavy (≥500 Latin but <100 CJK — Chinese column likely dropped)
16 17 18 19 130 324 704 744 766 949 1053 1104 1114 1144 1304 1334 1384 1451 1494 1514 1614 1618 1637 1685 1752 1765 1787 1900 1924 1954 1963 1971 1980 2160 2345 2346 2355 2375 2401 2409

## cjk-heavy (≥500 CJK but <100 Latin — Latin column likely dropped; often fine on commentary)
11 141 142 198 284 2018 2019 2020 2022 2023 2024 2025 2026 2027 2028 2029 2030 2031 2032 2033 2036 2038 2039 2044 2045 2046 2047 2049 2050 2052 2054 2056 2058 2061 2065 2066 2067 2069 2070 2071 2072 2073 2074 2075 2076 2077 2078 2079 2080 2081 2083 2085 2086 2087 2088 2091 2092 2094 2095 2097 2098 2099 2100 2101 2102 2104 2105 2106 2108 2109 2110 2111 2112 2114 2119 2120 2121 2122 2124 2125 2126 2128 2129 2130 2131 2132 2133 2134 2136 2138 2139 2140 2141 2142 2144 2145 2146 2147 2148 2149 2150 2151 2152 2154 2156 2157 2158 2159 2162 2164 2167 2169 2170 2171 2174 2175 2178 2179 2180 2181 2184 2185 2186 2187 2188 2189 2190 2191 2192 2194 2197 2199 2200 2201 2202 2203 2204 2205 2206 2207 2209 2210 2211 2212 2213 2216 2218 2219 2220 2221 2222 2223 2224 2225 2226 2227 2228 2229 2230 2231 2233 2234 2236 2238 2239 2240 2242 2244 2245 2246 2247 2248

## short (OCR <200 chars but PDF >600 chars)
27 35 45 334 372 504 624 654 764 873 1944 1995 2323

## blank (legitimately empty — divider / decoration / blank verso)
(none)